Iz = 1.8250e-06;
A = 24*Iz/(2.9^2);
b = 5;
O = 4*b;
t = A/O * 1000

